Overall accuracy (likelihoods argmax): 75.83%

Classification report (per-class precision/recall/f1):
              precision    recall  f1-score   support

     Firefly       0.91      0.78      0.84       300
       SD-XL       0.69      0.88      0.77       300
     DALL.E3       0.95      0.75      0.84       300
    Midj.-V6       0.67      0.70      0.68       300
     DALL.E2       0.91      0.80      0.85       300
      SD-1.5       0.74      0.42      0.53       300
    Midj.-V5       0.59      0.80      0.68       300
        Real       0.75      0.96      0.84       300

    accuracy                           0.76      2400
   macro avg       0.78      0.76      0.75      2400
weighted avg       0.78      0.76      0.75      2400


Raw confusion matrix (rows=true, cols=pred):
[[233  22   2   3  16   5  12   7]
 [  3 263   1   3   0  22   8   0]
 [  0   4 224  22   0   0  50   0]
 [  0   8   2 209   0   0  78   3]
 [ 12   7   4   8 239  10  15   5]
 [  5  76   1   5   7 125   2  79]
 [  2   0   2  56   0   0 240   0]
 [  0   0   0   5   0   7   1 287]]

Row-normalized confusion matrix:
[[0.77666667 0.07333333 0.00666667 0.01       0.05333333 0.01666667
  0.04       0.02333333]
 [0.01       0.87666667 0.00333333 0.01       0.         0.07333333
  0.02666667 0.        ]
 [0.         0.01333333 0.74666667 0.07333333 0.         0.
  0.16666667 0.        ]
 [0.         0.02666667 0.00666667 0.69666667 0.         0.
  0.26       0.01      ]
 [0.04       0.02333333 0.01333333 0.02666667 0.79666667 0.03333333
  0.05       0.01666667]
 [0.01666667 0.25333333 0.00333333 0.01666667 0.02333333 0.41666667
  0.00666667 0.26333333]
 [0.00666667 0.         0.00666667 0.18666667 0.         0.
  0.8        0.        ]
 [0.         0.         0.         0.01666667 0.         0.02333333
  0.00333333 0.95666667]]
